id,text,service,parent_topic_id,parent_topic,query_topic_id,query_topic,priority,language_style,privacy_present,privacy_types,source_type,parent_query_id,difficulty,is_ood,annotation_notes
OODQ_0004,নামজারি বিষয়ে সরকারি সেবা কোথায় পাব?,OOD,OOD_LAND_RECORDS,Land Records,OOD_LAND_RECORDS,Land Records,Low,Formal,FALSE,,SYNTHETIC,OOD_LAND_RECORDS_F02,Easy,TRUE,Synthetic safe OOD example; outside the six supported production services.
OODQ_0005,নামজারি নিয়ে একটু help দরকার।,OOD,OOD_LAND_RECORDS,Land Records,OOD_LAND_RECORDS,Land Records,Low,Informal,FALSE,,PARAPHRASED,OOD_LAND_RECORDS_F02,Medium,TRUE,Synthetic safe OOD example; outside the six supported production services.
OODQ_0006,নামজারি service er information kivabe janbo?,OOD,OOD_LAND_RECORDS,Land Records,OOD_LAND_RECORDS,Land Records,Low,Mixed,FALSE,,PARAPHRASED,OOD_LAND_RECORDS_F02,Hard,TRUE,Synthetic safe OOD example; outside the six supported production services.
OODQ_0010,দাগ নম্বর বিষয়ে সরকারি সেবা কোথায় পাব?,OOD,OOD_LAND_RECORDS,Land Records,OOD_LAND_RECORDS,Land Records,Low,Formal,FALSE,,SYNTHETIC,OOD_LAND_RECORDS_F04,Easy,TRUE,Synthetic safe OOD example; outside the six supported production services.
OODQ_0011,দাগ নম্বর নিয়ে একটু help দরকার।,OOD,OOD_LAND_RECORDS,Land Records,OOD_LAND_RECORDS,Land Records,Low,Informal,FALSE,,PARAPHRASED,OOD_LAND_RECORDS_F04,Medium,TRUE,Synthetic safe OOD example; outside the six supported production services.
OODQ_0012,দাগ নম্বর service er information kivabe janbo?,OOD,OOD_LAND_RECORDS,Land Records,OOD_LAND_RECORDS,Land Records,Low,Mixed,FALSE,,PARAPHRASED,OOD_LAND_RECORDS_F04,Hard,TRUE,Synthetic safe OOD example; outside the six supported production services.
OODQ_0016,মৌজা বিষয়ে সরকারি সেবা কোথায় পাব?,OOD,OOD_LAND_RECORDS,Land Records,OOD_LAND_RECORDS,Land Records,Low,Formal,FALSE,,SYNTHETIC,OOD_LAND_RECORDS_F06,Easy,TRUE,Synthetic safe OOD example; outside the six supported production services.
OODQ_0017,মৌজা নিয়ে একটু help দরকার।,OOD,OOD_LAND_RECORDS,Land Records,OOD_LAND_RECORDS,Land Records,Low,Informal,FALSE,,PARAPHRASED,OOD_LAND_RECORDS_F06,Medium,TRUE,Synthetic safe OOD example; outside the six supported production services.
OODQ_0018,মৌজা service er information kivabe janbo?,OOD,OOD_LAND_RECORDS,Land Records,OOD_LAND_RECORDS,Land Records,Low,Mixed,FALSE,,PARAPHRASED,OOD_LAND_RECORDS_F06,Hard,TRUE,Synthetic safe OOD example; outside the six supported production services.
OODQ_0022,ভূমি আপিল বিষয়ে সরকারি সেবা কোথায় পাব?,OOD,OOD_LAND_RECORDS,Land Records,OOD_LAND_RECORDS,Land Records,Low,Formal,FALSE,,SYNTHETIC,OOD_LAND_RECORDS_F08,Easy,TRUE,Synthetic safe OOD example; outside the six supported production services.
OODQ_0023,ভূমি আপিল নিয়ে একটু help দরকার।,OOD,OOD_LAND_RECORDS,Land Records,OOD_LAND_RECORDS,Land Records,Low,Informal,FALSE,,PARAPHRASED,OOD_LAND_RECORDS_F08,Medium,TRUE,Synthetic safe OOD example; outside the six supported production services.
OODQ_0024,ভূমি আপিল service er information kivabe janbo?,OOD,OOD_LAND_RECORDS,Land Records,OOD_LAND_RECORDS,Land Records,Low,Mixed,FALSE,,PARAPHRASED,OOD_LAND_RECORDS_F08,Hard,TRUE,Synthetic safe OOD example; outside the six supported production services.
OODQ_0028,খাস জমি বিষয়ে সরকারি সেবা কোথায় পাব?,OOD,OOD_LAND_RECORDS,Land Records,OOD_LAND_RECORDS,Land Records,Low,Formal,FALSE,,SYNTHETIC,OOD_LAND_RECORDS_F10,Easy,TRUE,Synthetic safe OOD example; outside the six supported production services.
OODQ_0029,খাস জমি নিয়ে একটু help দরকার।,OOD,OOD_LAND_RECORDS,Land Records,OOD_LAND_RECORDS,Land Records,Low,Informal,FALSE,,PARAPHRASED,OOD_LAND_RECORDS_F10,Medium,TRUE,Synthetic safe OOD example; outside the six supported production services.
OODQ_0030,খাস জমি service er information kivabe janbo?,OOD,OOD_LAND_RECORDS,Land Records,OOD_LAND_RECORDS,Land Records,Low,Mixed,FALSE,,PARAPHRASED,OOD_LAND_RECORDS_F10,Hard,TRUE,Synthetic safe OOD example; outside the six supported production services.
OODQ_0034,গ্যাস সংযোগ বিষয়ে সরকারি সেবা কোথায় পাব?,OOD,OOD_UTILITY,Utility,OOD_UTILITY,Utility,Low,Formal,FALSE,,SYNTHETIC,OOD_UTILITY_F02,Easy,TRUE,Synthetic safe OOD example; outside the six supported production services.
OODQ_0035,গ্যাস সংযোগ নিয়ে একটু help দরকার।,OOD,OOD_UTILITY,Utility,OOD_UTILITY,Utility,Low,Informal,FALSE,,PARAPHRASED,OOD_UTILITY_F02,Medium,TRUE,Synthetic safe OOD example; outside the six supported production services.
OODQ_0036,গ্যাস সংযোগ service er information kivabe janbo?,OOD,OOD_UTILITY,Utility,OOD_UTILITY,Utility,Low,Mixed,FALSE,,PARAPHRASED,OOD_UTILITY_F02,Hard,TRUE,Synthetic safe OOD example; outside the six supported production services.
OODQ_0040,মিটার বিষয়ে সরকারি সেবা কোথায় পাব?,OOD,OOD_UTILITY,Utility,OOD_UTILITY,Utility,Low,Formal,FALSE,,SYNTHETIC,OOD_UTILITY_F04,Easy,TRUE,Synthetic safe OOD example; outside the six supported production services.
OODQ_0041,মিটার নিয়ে একটু help দরকার।,OOD,OOD_UTILITY,Utility,OOD_UTILITY,Utility,Low,Informal,FALSE,,PARAPHRASED,OOD_UTILITY_F04,Medium,TRUE,Synthetic safe OOD example; outside the six supported production services.
OODQ_0042,মিটার service er information kivabe janbo?,OOD,OOD_UTILITY,Utility,OOD_UTILITY,Utility,Low,Mixed,FALSE,,PARAPHRASED,OOD_UTILITY_F04,Hard,TRUE,Synthetic safe OOD example; outside the six supported production services.
OODQ_0046,পয়ঃনিষ্কাশন বিষয়ে সরকারি সেবা কোথায় পাব?,OOD,OOD_UTILITY,Utility,OOD_UTILITY,Utility,Low,Formal,FALSE,,SYNTHETIC,OOD_UTILITY_F06,Easy,TRUE,Synthetic safe OOD example; outside the six supported production services.
OODQ_0047,পয়ঃনিষ্কাশন নিয়ে একটু help দরকার।,OOD,OOD_UTILITY,Utility,OOD_UTILITY,Utility,Low,Informal,FALSE,,PARAPHRASED,OOD_UTILITY_F06,Medium,TRUE,Synthetic safe OOD example; outside the six supported production services.
OODQ_0048,পয়ঃনিষ্কাশন service er information kivabe janbo?,OOD,OOD_UTILITY,Utility,OOD_UTILITY,Utility,Low,Mixed,FALSE,,PARAPHRASED,OOD_UTILITY_F06,Hard,TRUE,Synthetic safe OOD example; outside the six supported production services.
OODQ_0052,বিল সংশোধন বিষয়ে সরকারি সেবা কোথায় পাব?,OOD,OOD_UTILITY,Utility,OOD_UTILITY,Utility,Low,Formal,FALSE,,SYNTHETIC,OOD_UTILITY_F08,Easy,TRUE,Synthetic safe OOD example; outside the six supported production services.
OODQ_0053,বিল সংশোধন নিয়ে একটু help দরকার।,OOD,OOD_UTILITY,Utility,OOD_UTILITY,Utility,Low,Informal,FALSE,,PARAPHRASED,OOD_UTILITY_F08,Medium,TRUE,Synthetic safe OOD example; outside the six supported production services.
OODQ_0054,বিল সংশোধন service er information kivabe janbo?,OOD,OOD_UTILITY,Utility,OOD_UTILITY,Utility,Low,Mixed,FALSE,,PARAPHRASED,OOD_UTILITY_F08,Hard,TRUE,Synthetic safe OOD example; outside the six supported production services.
OODQ_0058,ইউটিলিটি অভিযোগ বিষয়ে সরকারি সেবা কোথায় পাব?,OOD,OOD_UTILITY,Utility,OOD_UTILITY,Utility,Low,Formal,FALSE,,SYNTHETIC,OOD_UTILITY_F10,Easy,TRUE,Synthetic safe OOD example; outside the six supported production services.
OODQ_0059,ইউটিলিটি অভিযোগ নিয়ে একটু help দরকার।,OOD,OOD_UTILITY,Utility,OOD_UTILITY,Utility,Low,Informal,FALSE,,PARAPHRASED,OOD_UTILITY_F10,Medium,TRUE,Synthetic safe OOD example; outside the six supported production services.
OODQ_0060,ইউটিলিটি অভিযোগ service er information kivabe janbo?,OOD,OOD_UTILITY,Utility,OOD_UTILITY,Utility,Low,Mixed,FALSE,,PARAPHRASED,OOD_UTILITY_F10,Hard,TRUE,Synthetic safe OOD example; outside the six supported production services.
OODQ_0064,পরীক্ষার ফল বিষয়ে সরকারি সেবা কোথায় পাব?,OOD,OOD_EDUCATION,Education,OOD_EDUCATION,Education,Low,Formal,FALSE,,SYNTHETIC,OOD_EDUCATION_F02,Easy,TRUE,Synthetic safe OOD example; outside the six supported production services.
OODQ_0065,পরীক্ষার ফল নিয়ে একটু help দরকার।,OOD,OOD_EDUCATION,Education,OOD_EDUCATION,Education,Low,Informal,FALSE,,PARAPHRASED,OOD_EDUCATION_F02,Medium,TRUE,Synthetic safe OOD example; outside the six supported production services.
OODQ_0066,পরীক্ষার ফল service er information kivabe janbo?,OOD,OOD_EDUCATION,Education,OOD_EDUCATION,Education,Low,Mixed,FALSE,,PARAPHRASED,OOD_EDUCATION_F02,Hard,TRUE,Synthetic safe OOD example; outside the six supported production services.
OODQ_0070,সনদ উত্তোলন বিষয়ে সরকারি সেবা কোথায় পাব?,OOD,OOD_EDUCATION,Education,OOD_EDUCATION,Education,Low,Formal,FALSE,,SYNTHETIC,OOD_EDUCATION_F04,Easy,TRUE,Synthetic safe OOD example; outside the six supported production services.
OODQ_0071,সনদ উত্তোলন নিয়ে একটু help দরকার।,OOD,OOD_EDUCATION,Education,OOD_EDUCATION,Education,Low,Informal,FALSE,,PARAPHRASED,OOD_EDUCATION_F04,Medium,TRUE,Synthetic safe OOD example; outside the six supported production services.
OODQ_0072,সনদ উত্তোলন service er information kivabe janbo?,OOD,OOD_EDUCATION,Education,OOD_EDUCATION,Education,Low,Mixed,FALSE,,PARAPHRASED,OOD_EDUCATION_F04,Hard,TRUE,Synthetic safe OOD example; outside the six supported production services.
OODQ_0076,বোর্ড পরীক্ষা বিষয়ে সরকারি সেবা কোথায় পাব?,OOD,OOD_EDUCATION,Education,OOD_EDUCATION,Education,Low,Formal,FALSE,,SYNTHETIC,OOD_EDUCATION_F06,Easy,TRUE,Synthetic safe OOD example; outside the six supported production services.
OODQ_0077,বোর্ড পরীক্ষা নিয়ে একটু help দরকার।,OOD,OOD_EDUCATION,Education,OOD_EDUCATION,Education,Low,Informal,FALSE,,PARAPHRASED,OOD_EDUCATION_F06,Medium,TRUE,Synthetic safe OOD example; outside the six supported production services.
OODQ_0078,বোর্ড পরীক্ষা service er information kivabe janbo?,OOD,OOD_EDUCATION,Education,OOD_EDUCATION,Education,Low,Mixed,FALSE,,PARAPHRASED,OOD_EDUCATION_F06,Hard,TRUE,Synthetic safe OOD example; outside the six supported production services.
OODQ_0082,অনলাইন ক্লাস বিষয়ে সরকারি সেবা কোথায় পাব?,OOD,OOD_EDUCATION,Education,OOD_EDUCATION,Education,Low,Formal,FALSE,,SYNTHETIC,OOD_EDUCATION_F08,Easy,TRUE,Synthetic safe OOD example; outside the six supported production services.
OODQ_0083,অনলাইন ক্লাস নিয়ে একটু help দরকার।,OOD,OOD_EDUCATION,Education,OOD_EDUCATION,Education,Low,Informal,FALSE,,PARAPHRASED,OOD_EDUCATION_F08,Medium,TRUE,Synthetic safe OOD example; outside the six supported production services.
OODQ_0084,অনলাইন ক্লাস service er information kivabe janbo?,OOD,OOD_EDUCATION,Education,OOD_EDUCATION,Education,Low,Mixed,FALSE,,PARAPHRASED,OOD_EDUCATION_F08,Hard,TRUE,Synthetic safe OOD example; outside the six supported production services.
OODQ_0088,পাঠ্যবই বিষয়ে সরকারি সেবা কোথায় পাব?,OOD,OOD_EDUCATION,Education,OOD_EDUCATION,Education,Low,Formal,FALSE,,SYNTHETIC,OOD_EDUCATION_F10,Easy,TRUE,Synthetic safe OOD example; outside the six supported production services.
OODQ_0089,পাঠ্যবই নিয়ে একটু help দরকার।,OOD,OOD_EDUCATION,Education,OOD_EDUCATION,Education,Low,Informal,FALSE,,PARAPHRASED,OOD_EDUCATION_F10,Medium,TRUE,Synthetic safe OOD example; outside the six supported production services.
OODQ_0090,পাঠ্যবই service er information kivabe janbo?,OOD,OOD_EDUCATION,Education,OOD_EDUCATION,Education,Low,Mixed,FALSE,,PARAPHRASED,OOD_EDUCATION_F10,Hard,TRUE,Synthetic safe OOD example; outside the six supported production services.
OODQ_0094,টিকা সনদ বিষয়ে সরকারি সেবা কোথায় পাব?,OOD,OOD_HEALTH_ADMIN,Health Admin,OOD_HEALTH_ADMIN,Health Admin,Low,Formal,FALSE,,SYNTHETIC,OOD_HEALTH_ADMIN_F02,Easy,TRUE,Synthetic safe OOD example; outside the six supported production services.
OODQ_0095,টিকা সনদ নিয়ে একটু help দরকার।,OOD,OOD_HEALTH_ADMIN,Health Admin,OOD_HEALTH_ADMIN,Health Admin,Low,Informal,FALSE,,PARAPHRASED,OOD_HEALTH_ADMIN_F02,Medium,TRUE,Synthetic safe OOD example; outside the six supported production services.
OODQ_0096,টিকা সনদ service er information kivabe janbo?,OOD,OOD_HEALTH_ADMIN,Health Admin,OOD_HEALTH_ADMIN,Health Admin,Low,Mixed,FALSE,,PARAPHRASED,OOD_HEALTH_ADMIN_F02,Hard,TRUE,Synthetic safe OOD example; outside the six supported production services.
OODQ_0100,ডাক্তার তালিকা বিষয়ে সরকারি সেবা কোথায় পাব?,OOD,OOD_HEALTH_ADMIN,Health Admin,OOD_HEALTH_ADMIN,Health Admin,Low,Formal,FALSE,,SYNTHETIC,OOD_HEALTH_ADMIN_F04,Easy,TRUE,Synthetic safe OOD example; outside the six supported production services.
OODQ_0101,ডাক্তার তালিকা নিয়ে একটু help দরকার।,OOD,OOD_HEALTH_ADMIN,Health Admin,OOD_HEALTH_ADMIN,Health Admin,Low,Informal,FALSE,,PARAPHRASED,OOD_HEALTH_ADMIN_F04,Medium,TRUE,Synthetic safe OOD example; outside the six supported production services.
OODQ_0102,ডাক্তার তালিকা service er information kivabe janbo?,OOD,OOD_HEALTH_ADMIN,Health Admin,OOD_HEALTH_ADMIN,Health Admin,Low,Mixed,FALSE,,PARAPHRASED,OOD_HEALTH_ADMIN_F04,Hard,TRUE,Synthetic safe OOD example; outside the six supported production services.
OODQ_0106,হাসপাতাল বিল বিষয়ে সরকারি সেবা কোথায় পাব?,OOD,OOD_HEALTH_ADMIN,Health Admin,OOD_HEALTH_ADMIN,Health Admin,Low,Formal,FALSE,,SYNTHETIC,OOD_HEALTH_ADMIN_F06,Easy,TRUE,Synthetic safe OOD example; outside the six supported production services.
OODQ_0107,হাসপাতাল বিল নিয়ে একটু help দরকার।,OOD,OOD_HEALTH_ADMIN,Health Admin,OOD_HEALTH_ADMIN,Health Admin,Low,Informal,FALSE,,PARAPHRASED,OOD_HEALTH_ADMIN_F06,Medium,TRUE,Synthetic safe OOD example; outside the six supported production services.
OODQ_0108,হাসপাতাল বিল service er information kivabe janbo?,OOD,OOD_HEALTH_ADMIN,Health Admin,OOD_HEALTH_ADMIN,Health Admin,Low,Mixed,FALSE,,PARAPHRASED,OOD_HEALTH_ADMIN_F06,Hard,TRUE,Synthetic safe OOD example; outside the six supported production services.
OODQ_0112,ক্লিনিক নিবন্ধন বিষয়ে সরকারি সেবা কোথায় পাব?,OOD,OOD_HEALTH_ADMIN,Health Admin,OOD_HEALTH_ADMIN,Health Admin,Low,Formal,FALSE,,SYNTHETIC,OOD_HEALTH_ADMIN_F08,Easy,TRUE,Synthetic safe OOD example; outside the six supported production services.
OODQ_0113,ক্লিনিক নিবন্ধন নিয়ে একটু help দরকার।,OOD,OOD_HEALTH_ADMIN,Health Admin,OOD_HEALTH_ADMIN,Health Admin,Low,Informal,FALSE,,PARAPHRASED,OOD_HEALTH_ADMIN_F08,Medium,TRUE,Synthetic safe OOD example; outside the six supported production services.
OODQ_0114,ক্লিনিক নিবন্ধন service er information kivabe janbo?,OOD,OOD_HEALTH_ADMIN,Health Admin,OOD_HEALTH_ADMIN,Health Admin,Low,Mixed,FALSE,,PARAPHRASED,OOD_HEALTH_ADMIN_F08,Hard,TRUE,Synthetic safe OOD example; outside the six supported production services.
OODQ_0118,স্বাস্থ্য প্রতিবেদন বিষয়ে সরকারি সেবা কোথায় পাব?,OOD,OOD_HEALTH_ADMIN,Health Admin,OOD_HEALTH_ADMIN,Health Admin,Low,Formal,FALSE,,SYNTHETIC,OOD_HEALTH_ADMIN_F10,Easy,TRUE,Synthetic safe OOD example; outside the six supported production services.
OODQ_0119,স্বাস্থ্য প্রতিবেদন নিয়ে একটু help দরকার।,OOD,OOD_HEALTH_ADMIN,Health Admin,OOD_HEALTH_ADMIN,Health Admin,Low,Informal,FALSE,,PARAPHRASED,OOD_HEALTH_ADMIN_F10,Medium,TRUE,Synthetic safe OOD example; outside the six supported production services.
OODQ_0120,স্বাস্থ্য প্রতিবেদন service er information kivabe janbo?,OOD,OOD_HEALTH_ADMIN,Health Admin,OOD_HEALTH_ADMIN,Health Admin,Low,Mixed,FALSE,,PARAPHRASED,OOD_HEALTH_ADMIN_F10,Hard,TRUE,Synthetic safe OOD example; outside the six supported production services.
OODQ_0124,ATM card বিষয়ে সরকারি সেবা কোথায় পাব?,OOD,OOD_BANKING,Banking,OOD_BANKING,Banking,Low,Formal,FALSE,,SYNTHETIC,OOD_BANKING_F02,Easy,TRUE,Synthetic safe OOD example; outside the six supported production services.
OODQ_0125,ATM card নিয়ে একটু help দরকার।,OOD,OOD_BANKING,Banking,OOD_BANKING,Banking,Low,Informal,FALSE,,PARAPHRASED,OOD_BANKING_F02,Medium,TRUE,Synthetic safe OOD example; outside the six supported production services.
OODQ_0126,ATM card service er information kivabe janbo?,OOD,OOD_BANKING,Banking,OOD_BANKING,Banking,Low,Mixed,FALSE,,PARAPHRASED,OOD_BANKING_F02,Hard,TRUE,Synthetic safe OOD example; outside the six supported production services.
OODQ_0130,cheque book বিষয়ে সরকারি সেবা কোথায় পাব?,OOD,OOD_BANKING,Banking,OOD_BANKING,Banking,Low,Formal,FALSE,,SYNTHETIC,OOD_BANKING_F04,Easy,TRUE,Synthetic safe OOD example; outside the six supported production services.
OODQ_0131,cheque book নিয়ে একটু help দরকার।,OOD,OOD_BANKING,Banking,OOD_BANKING,Banking,Low,Informal,FALSE,,PARAPHRASED,OOD_BANKING_F04,Medium,TRUE,Synthetic safe OOD example; outside the six supported production services.
OODQ_0132,cheque book service er information kivabe janbo?,OOD,OOD_BANKING,Banking,OOD_BANKING,Banking,Low,Mixed,FALSE,,PARAPHRASED,OOD_BANKING_F04,Hard,TRUE,Synthetic safe OOD example; outside the six supported production services.
OODQ_0136,সঞ্চয়পত্র বিষয়ে সরকারি সেবা কোথায় পাব?,OOD,OOD_BANKING,Banking,OOD_BANKING,Banking,Low,Formal,FALSE,,SYNTHETIC,OOD_BANKING_F06,Easy,TRUE,Synthetic safe OOD example; outside the six supported production services.
OODQ_0137,সঞ্চয়পত্র নিয়ে একটু help দরকার।,OOD,OOD_BANKING,Banking,OOD_BANKING,Banking,Low,Informal,FALSE,,PARAPHRASED,OOD_BANKING_F06,Medium,TRUE,Synthetic safe OOD example; outside the six supported production services.
OODQ_0138,সঞ্চয়পত্র service er information kivabe janbo?,OOD,OOD_BANKING,Banking,OOD_BANKING,Banking,Low,Mixed,FALSE,,PARAPHRASED,OOD_BANKING_F06,Hard,TRUE,Synthetic safe OOD example; outside the six supported production services.
OODQ_0142,credit card বিষয়ে সরকারি সেবা কোথায় পাব?,OOD,OOD_BANKING,Banking,OOD_BANKING,Banking,Low,Formal,FALSE,,SYNTHETIC,OOD_BANKING_F08,Easy,TRUE,Synthetic safe OOD example; outside the six supported production services.
OODQ_0143,credit card নিয়ে একটু help দরকার।,OOD,OOD_BANKING,Banking,OOD_BANKING,Banking,Low,Informal,FALSE,,PARAPHRASED,OOD_BANKING_F08,Medium,TRUE,Synthetic safe OOD example; outside the six supported production services.
OODQ_0144,credit card service er information kivabe janbo?,OOD,OOD_BANKING,Banking,OOD_BANKING,Banking,Low,Mixed,FALSE,,PARAPHRASED,OOD_BANKING_F08,Hard,TRUE,Synthetic safe OOD example; outside the six supported production services.
OODQ_0148,account closure বিষয়ে সরকারি সেবা কোথায় পাব?,OOD,OOD_BANKING,Banking,OOD_BANKING,Banking,Low,Formal,FALSE,,SYNTHETIC,OOD_BANKING_F10,Easy,TRUE,Synthetic safe OOD example; outside the six supported production services.
OODQ_0149,account closure নিয়ে একটু help দরকার।,OOD,OOD_BANKING,Banking,OOD_BANKING,Banking,Low,Informal,FALSE,,PARAPHRASED,OOD_BANKING_F10,Medium,TRUE,Synthetic safe OOD example; outside the six supported production services.
OODQ_0150,account closure service er information kivabe janbo?,OOD,OOD_BANKING,Banking,OOD_BANKING,Banking,Low,Mixed,FALSE,,PARAPHRASED,OOD_BANKING_F10,Hard,TRUE,Synthetic safe OOD example; outside the six supported production services.
OODQ_0154,বৃষ্টির সম্ভাবনা বিষয়ে সরকারি সেবা কোথায় পাব?,OOD,OOD_WEATHER,Weather,OOD_WEATHER,Weather,Low,Formal,FALSE,,SYNTHETIC,OOD_WEATHER_F02,Easy,TRUE,Synthetic safe OOD example; outside the six supported production services.
OODQ_0155,বৃষ্টির সম্ভাবনা নিয়ে একটু help দরকার।,OOD,OOD_WEATHER,Weather,OOD_WEATHER,Weather,Low,Informal,FALSE,,PARAPHRASED,OOD_WEATHER_F02,Medium,TRUE,Synthetic safe OOD example; outside the six supported production services.
OODQ_0156,বৃষ্টির সম্ভাবনা service er information kivabe janbo?,OOD,OOD_WEATHER,Weather,OOD_WEATHER,Weather,Low,Mixed,FALSE,,PARAPHRASED,OOD_WEATHER_F02,Hard,TRUE,Synthetic safe OOD example; outside the six supported production services.
OODQ_0160,ঘূর্ণিঝড় বিষয়ে সরকারি সেবা কোথায় পাব?,OOD,OOD_WEATHER,Weather,OOD_WEATHER,Weather,Low,Formal,FALSE,,SYNTHETIC,OOD_WEATHER_F04,Easy,TRUE,Synthetic safe OOD example; outside the six supported production services.
OODQ_0161,ঘূর্ণিঝড় নিয়ে একটু help দরকার।,OOD,OOD_WEATHER,Weather,OOD_WEATHER,Weather,Low,Informal,FALSE,,PARAPHRASED,OOD_WEATHER_F04,Medium,TRUE,Synthetic safe OOD example; outside the six supported production services.
OODQ_0162,ঘূর্ণিঝড় service er information kivabe janbo?,OOD,OOD_WEATHER,Weather,OOD_WEATHER,Weather,Low,Mixed,FALSE,,PARAPHRASED,OOD_WEATHER_F04,Hard,TRUE,Synthetic safe OOD example; outside the six supported production services.
OODQ_0166,কুয়াশা বিষয়ে সরকারি সেবা কোথায় পাব?,OOD,OOD_WEATHER,Weather,OOD_WEATHER,Weather,Low,Formal,FALSE,,SYNTHETIC,OOD_WEATHER_F06,Easy,TRUE,Synthetic safe OOD example; outside the six supported production services.
OODQ_0167,কুয়াশা নিয়ে একটু help দরকার।,OOD,OOD_WEATHER,Weather,OOD_WEATHER,Weather,Low,Informal,FALSE,,PARAPHRASED,OOD_WEATHER_F06,Medium,TRUE,Synthetic safe OOD example; outside the six supported production services.
OODQ_0168,কুয়াশা service er information kivabe janbo?,OOD,OOD_WEATHER,Weather,OOD_WEATHER,Weather,Low,Mixed,FALSE,,PARAPHRASED,OOD_WEATHER_F06,Hard,TRUE,Synthetic safe OOD example; outside the six supported production services.
OODQ_0172,সমুদ্রের অবস্থা বিষয়ে সরকারি সেবা কোথায় পাব?,OOD,OOD_WEATHER,Weather,OOD_WEATHER,Weather,Low,Formal,FALSE,,SYNTHETIC,OOD_WEATHER_F08,Easy,TRUE,Synthetic safe OOD example; outside the six supported production services.
OODQ_0173,সমুদ্রের অবস্থা নিয়ে একটু help দরকার।,OOD,OOD_WEATHER,Weather,OOD_WEATHER,Weather,Low,Informal,FALSE,,PARAPHRASED,OOD_WEATHER_F08,Medium,TRUE,Synthetic safe OOD example; outside the six supported production services.
OODQ_0174,সমুদ্রের অবস্থা service er information kivabe janbo?,OOD,OOD_WEATHER,Weather,OOD_WEATHER,Weather,Low,Mixed,FALSE,,PARAPHRASED,OOD_WEATHER_F08,Hard,TRUE,Synthetic safe OOD example; outside the six supported production services.
OODQ_0178,আগামী সপ্তাহের forecast বিষয়ে সরকারি সেবা কোথায় পাব?,OOD,OOD_WEATHER,Weather,OOD_WEATHER,Weather,Low,Formal,FALSE,,SYNTHETIC,OOD_WEATHER_F10,Easy,TRUE,Synthetic safe OOD example; outside the six supported production services.
OODQ_0179,আগামী সপ্তাহের forecast নিয়ে একটু help দরকার।,OOD,OOD_WEATHER,Weather,OOD_WEATHER,Weather,Low,Informal,FALSE,,PARAPHRASED,OOD_WEATHER_F10,Medium,TRUE,Synthetic safe OOD example; outside the six supported production services.
OODQ_0180,আগামী সপ্তাহের forecast service er information kivabe janbo?,OOD,OOD_WEATHER,Weather,OOD_WEATHER,Weather,Low,Mixed,FALSE,,PARAPHRASED,OOD_WEATHER_F10,Hard,TRUE,Synthetic safe OOD example; outside the six supported production services.
OODQ_0184,একটি কবিতা বিষয়ে সরকারি সেবা কোথায় পাব?,OOD,OOD_GENERAL_KNOWLEDGE,General Knowledge,OOD_GENERAL_KNOWLEDGE,General Knowledge,Low,Formal,FALSE,,SYNTHETIC,OOD_GENERAL_KNOWLEDGE_F02,Easy,TRUE,Synthetic safe OOD example; outside the six supported production services.
OODQ_0185,একটি কবিতা নিয়ে একটু help দরকার।,OOD,OOD_GENERAL_KNOWLEDGE,General Knowledge,OOD_GENERAL_KNOWLEDGE,General Knowledge,Low,Informal,FALSE,,PARAPHRASED,OOD_GENERAL_KNOWLEDGE_F02,Medium,TRUE,Synthetic safe OOD example; outside the six supported production services.
OODQ_0186,একটি কবিতা service er information kivabe janbo?,OOD,OOD_GENERAL_KNOWLEDGE,General Knowledge,OOD_GENERAL_KNOWLEDGE,General Knowledge,Low,Mixed,FALSE,,PARAPHRASED,OOD_GENERAL_KNOWLEDGE_F02,Hard,TRUE,Synthetic safe OOD example; outside the six supported production services.
OODQ_0190,গণিত সমাধান বিষয়ে সরকারি সেবা কোথায় পাব?,OOD,OOD_GENERAL_KNOWLEDGE,General Knowledge,OOD_GENERAL_KNOWLEDGE,General Knowledge,Low,Formal,FALSE,,SYNTHETIC,OOD_GENERAL_KNOWLEDGE_F04,Easy,TRUE,Synthetic safe OOD example; outside the six supported production services.
OODQ_0191,গণিত সমাধান নিয়ে একটু help দরকার।,OOD,OOD_GENERAL_KNOWLEDGE,General Knowledge,OOD_GENERAL_KNOWLEDGE,General Knowledge,Low,Informal,FALSE,,PARAPHRASED,OOD_GENERAL_KNOWLEDGE_F04,Medium,TRUE,Synthetic safe OOD example; outside the six supported production services.
OODQ_0192,গণিত সমাধান service er information kivabe janbo?,OOD,OOD_GENERAL_KNOWLEDGE,General Knowledge,OOD_GENERAL_KNOWLEDGE,General Knowledge,Low,Mixed,FALSE,,PARAPHRASED,OOD_GENERAL_KNOWLEDGE_F04,Hard,TRUE,Synthetic safe OOD example; outside the six supported production services.
OODQ_0196,খেলার নিয়ম বিষয়ে সরকারি সেবা কোথায় পাব?,OOD,OOD_GENERAL_KNOWLEDGE,General Knowledge,OOD_GENERAL_KNOWLEDGE,General Knowledge,Low,Formal,FALSE,,SYNTHETIC,OOD_GENERAL_KNOWLEDGE_F06,Easy,TRUE,Synthetic safe OOD example; outside the six supported production services.
OODQ_0197,খেলার নিয়ম নিয়ে একটু help দরকার।,OOD,OOD_GENERAL_KNOWLEDGE,General Knowledge,OOD_GENERAL_KNOWLEDGE,General Knowledge,Low,Informal,FALSE,,PARAPHRASED,OOD_GENERAL_KNOWLEDGE_F06,Medium,TRUE,Synthetic safe OOD example; outside the six supported production services.
OODQ_0198,খেলার নিয়ম service er information kivabe janbo?,OOD,OOD_GENERAL_KNOWLEDGE,General Knowledge,OOD_GENERAL_KNOWLEDGE,General Knowledge,Low,Mixed,FALSE,,PARAPHRASED,OOD_GENERAL_KNOWLEDGE_F06,Hard,TRUE,Synthetic safe OOD example; outside the six supported production services.
OODQ_0202,ভ্রমণ পরামর্শ বিষয়ে সরকারি সেবা কোথায় পাব?,OOD,OOD_GENERAL_KNOWLEDGE,General Knowledge,OOD_GENERAL_KNOWLEDGE,General Knowledge,Low,Formal,FALSE,,SYNTHETIC,OOD_GENERAL_KNOWLEDGE_F08,Easy,TRUE,Synthetic safe OOD example; outside the six supported production services.
OODQ_0203,ভ্রমণ পরামর্শ নিয়ে একটু help দরকার।,OOD,OOD_GENERAL_KNOWLEDGE,General Knowledge,OOD_GENERAL_KNOWLEDGE,General Knowledge,Low,Informal,FALSE,,PARAPHRASED,OOD_GENERAL_KNOWLEDGE_F08,Medium,TRUE,Synthetic safe OOD example; outside the six supported production services.
OODQ_0204,ভ্রমণ পরামর্শ service er information kivabe janbo?,OOD,OOD_GENERAL_KNOWLEDGE,General Knowledge,OOD_GENERAL_KNOWLEDGE,General Knowledge,Low,Mixed,FALSE,,PARAPHRASED,OOD_GENERAL_KNOWLEDGE_F08,Hard,TRUE,Synthetic safe OOD example; outside the six supported production services.
OODQ_0208,বইয়ের সারাংশ বিষয়ে সরকারি সেবা কোথায় পাব?,OOD,OOD_GENERAL_KNOWLEDGE,General Knowledge,OOD_GENERAL_KNOWLEDGE,General Knowledge,Low,Formal,FALSE,,SYNTHETIC,OOD_GENERAL_KNOWLEDGE_F10,Easy,TRUE,Synthetic safe OOD example; outside the six supported production services.
OODQ_0209,বইয়ের সারাংশ নিয়ে একটু help দরকার।,OOD,OOD_GENERAL_KNOWLEDGE,General Knowledge,OOD_GENERAL_KNOWLEDGE,General Knowledge,Low,Informal,FALSE,,PARAPHRASED,OOD_GENERAL_KNOWLEDGE_F10,Medium,TRUE,Synthetic safe OOD example; outside the six supported production services.
OODQ_0210,বইয়ের সারাংশ service er information kivabe janbo?,OOD,OOD_GENERAL_KNOWLEDGE,General Knowledge,OOD_GENERAL_KNOWLEDGE,General Knowledge,Low,Mixed,FALSE,,PARAPHRASED,OOD_GENERAL_KNOWLEDGE_F10,Hard,TRUE,Synthetic safe OOD example; outside the six supported production services.
OODQ_0214,একটি কৌতুক বিষয়ে সরকারি সেবা কোথায় পাব?,OOD,OOD_CASUAL,Casual,OOD_CASUAL,Casual,Low,Formal,FALSE,,SYNTHETIC,OOD_CASUAL_F02,Easy,TRUE,Synthetic safe OOD example; outside the six supported production services.
OODQ_0215,একটি কৌতুক নিয়ে একটু help দরকার।,OOD,OOD_CASUAL,Casual,OOD_CASUAL,Casual,Low,Informal,FALSE,,PARAPHRASED,OOD_CASUAL_F02,Medium,TRUE,Synthetic safe OOD example; outside the six supported production services.
OODQ_0216,একটি কৌতুক service er information kivabe janbo?,OOD,OOD_CASUAL,Casual,OOD_CASUAL,Casual,Low,Mixed,FALSE,,PARAPHRASED,OOD_CASUAL_F02,Hard,TRUE,Synthetic safe OOD example; outside the six supported production services.
OODQ_0220,শুভ সকাল বিষয়ে সরকারি সেবা কোথায় পাব?,OOD,OOD_CASUAL,Casual,OOD_CASUAL,Casual,Low,Formal,FALSE,,SYNTHETIC,OOD_CASUAL_F04,Easy,TRUE,Synthetic safe OOD example; outside the six supported production services.
OODQ_0221,শুভ সকাল নিয়ে একটু help দরকার।,OOD,OOD_CASUAL,Casual,OOD_CASUAL,Casual,Low,Informal,FALSE,,PARAPHRASED,OOD_CASUAL_F04,Medium,TRUE,Synthetic safe OOD example; outside the six supported production services.
OODQ_0222,শুভ সকাল service er information kivabe janbo?,OOD,OOD_CASUAL,Casual,OOD_CASUAL,Casual,Low,Mixed,FALSE,,PARAPHRASED,OOD_CASUAL_F04,Hard,TRUE,Synthetic safe OOD example; outside the six supported production services.
OODQ_0226,বন্ধুত্বের কথা বিষয়ে সরকারি সেবা কোথায় পাব?,OOD,OOD_CASUAL,Casual,OOD_CASUAL,Casual,Low,Formal,FALSE,,SYNTHETIC,OOD_CASUAL_F06,Easy,TRUE,Synthetic safe OOD example; outside the six supported production services.
OODQ_0227,বন্ধুত্বের কথা নিয়ে একটু help দরকার।,OOD,OOD_CASUAL,Casual,OOD_CASUAL,Casual,Low,Informal,FALSE,,PARAPHRASED,OOD_CASUAL_F06,Medium,TRUE,Synthetic safe OOD example; outside the six supported production services.
OODQ_0228,বন্ধুত্বের কথা service er information kivabe janbo?,OOD,OOD_CASUAL,Casual,OOD_CASUAL,Casual,Low,Mixed,FALSE,,PARAPHRASED,OOD_CASUAL_F06,Hard,TRUE,Synthetic safe OOD example; outside the six supported production services.
OODQ_0232,মজার গল্প বিষয়ে সরকারি সেবা কোথায় পাব?,OOD,OOD_CASUAL,Casual,OOD_CASUAL,Casual,Low,Formal,FALSE,,SYNTHETIC,OOD_CASUAL_F08,Easy,TRUE,Synthetic safe OOD example; outside the six supported production services.
OODQ_0233,মজার গল্প নিয়ে একটু help দরকার।,OOD,OOD_CASUAL,Casual,OOD_CASUAL,Casual,Low,Informal,FALSE,,PARAPHRASED,OOD_CASUAL_F08,Medium,TRUE,Synthetic safe OOD example; outside the six supported production services.
OODQ_0234,মজার গল্প service er information kivabe janbo?,OOD,OOD_CASUAL,Casual,OOD_CASUAL,Casual,Low,Mixed,FALSE,,PARAPHRASED,OOD_CASUAL_F08,Hard,TRUE,Synthetic safe OOD example; outside the six supported production services.
OODQ_0238,বিদায় বিষয়ে সরকারি সেবা কোথায় পাব?,OOD,OOD_CASUAL,Casual,OOD_CASUAL,Casual,Low,Formal,FALSE,,SYNTHETIC,OOD_CASUAL_F10,Easy,TRUE,Synthetic safe OOD example; outside the six supported production services.
OODQ_0239,বিদায় নিয়ে একটু help দরকার।,OOD,OOD_CASUAL,Casual,OOD_CASUAL,Casual,Low,Informal,FALSE,,PARAPHRASED,OOD_CASUAL_F10,Medium,TRUE,Synthetic safe OOD example; outside the six supported production services.
OODQ_0240,বিদায় service er information kivabe janbo?,OOD,OOD_CASUAL,Casual,OOD_CASUAL,Casual,Low,Mixed,FALSE,,PARAPHRASED,OOD_CASUAL_F10,Hard,TRUE,Synthetic safe OOD example; outside the six supported production services.
OODQ_0244,সার ব্যবহার বিষয়ে সরকারি সেবা কোথায় পাব?,OOD,OOD_AGRICULTURE,Agriculture,OOD_AGRICULTURE,Agriculture,Low,Formal,FALSE,,SYNTHETIC,OOD_AGRICULTURE_F02,Easy,TRUE,Synthetic safe OOD example; outside the six supported production services.
OODQ_0245,সার ব্যবহার নিয়ে একটু help দরকার।,OOD,OOD_AGRICULTURE,Agriculture,OOD_AGRICULTURE,Agriculture,Low,Informal,FALSE,,PARAPHRASED,OOD_AGRICULTURE_F02,Medium,TRUE,Synthetic safe OOD example; outside the six supported production services.
OODQ_0246,সার ব্যবহার service er information kivabe janbo?,OOD,OOD_AGRICULTURE,Agriculture,OOD_AGRICULTURE,Agriculture,Low,Mixed,FALSE,,PARAPHRASED,OOD_AGRICULTURE_F02,Hard,TRUE,Synthetic safe OOD example; outside the six supported production services.
OODQ_0250,কৃষি ঋণ বিষয়ে সরকারি সেবা কোথায় পাব?,OOD,OOD_AGRICULTURE,Agriculture,OOD_AGRICULTURE,Agriculture,Low,Formal,FALSE,,SYNTHETIC,OOD_AGRICULTURE_F04,Easy,TRUE,Synthetic safe OOD example; outside the six supported production services.
OODQ_0251,কৃষি ঋণ নিয়ে একটু help দরকার।,OOD,OOD_AGRICULTURE,Agriculture,OOD_AGRICULTURE,Agriculture,Low,Informal,FALSE,,PARAPHRASED,OOD_AGRICULTURE_F04,Medium,TRUE,Synthetic safe OOD example; outside the six supported production services.
OODQ_0252,কৃষি ঋণ service er information kivabe janbo?,OOD,OOD_AGRICULTURE,Agriculture,OOD_AGRICULTURE,Agriculture,Low,Mixed,FALSE,,PARAPHRASED,OOD_AGRICULTURE_F04,Hard,TRUE,Synthetic safe OOD example; outside the six supported production services.
OODQ_0256,মাছ চাষ বিষয়ে সরকারি সেবা কোথায় পাব?,OOD,OOD_AGRICULTURE,Agriculture,OOD_AGRICULTURE,Agriculture,Low,Formal,FALSE,,SYNTHETIC,OOD_AGRICULTURE_F06,Easy,TRUE,Synthetic safe OOD example; outside the six supported production services.
OODQ_0257,মাছ চাষ নিয়ে একটু help দরকার।,OOD,OOD_AGRICULTURE,Agriculture,OOD_AGRICULTURE,Agriculture,Low,Informal,FALSE,,PARAPHRASED,OOD_AGRICULTURE_F06,Medium,TRUE,Synthetic safe OOD example; outside the six supported production services.
OODQ_0258,মাছ চাষ service er information kivabe janbo?,OOD,OOD_AGRICULTURE,Agriculture,OOD_AGRICULTURE,Agriculture,Low,Mixed,FALSE,,PARAPHRASED,OOD_AGRICULTURE_F06,Hard,TRUE,Synthetic safe OOD example; outside the six supported production services.
OODQ_0262,বাজারদর বিষয়ে সরকারি সেবা কোথায় পাব?,OOD,OOD_AGRICULTURE,Agriculture,OOD_AGRICULTURE,Agriculture,Low,Formal,FALSE,,SYNTHETIC,OOD_AGRICULTURE_F08,Easy,TRUE,Synthetic safe OOD example; outside the six supported production services.
OODQ_0263,বাজারদর নিয়ে একটু help দরকার।,OOD,OOD_AGRICULTURE,Agriculture,OOD_AGRICULTURE,Agriculture,Low,Informal,FALSE,,PARAPHRASED,OOD_AGRICULTURE_F08,Medium,TRUE,Synthetic safe OOD example; outside the six supported production services.
OODQ_0264,বাজারদর service er information kivabe janbo?,OOD,OOD_AGRICULTURE,Agriculture,OOD_AGRICULTURE,Agriculture,Low,Mixed,FALSE,,PARAPHRASED,OOD_AGRICULTURE_F08,Hard,TRUE,Synthetic safe OOD example; outside the six supported production services.
OODQ_0268,মাটি পরীক্ষা বিষয়ে সরকারি সেবা কোথায় পাব?,OOD,OOD_AGRICULTURE,Agriculture,OOD_AGRICULTURE,Agriculture,Low,Formal,FALSE,,SYNTHETIC,OOD_AGRICULTURE_F10,Easy,TRUE,Synthetic safe OOD example; outside the six supported production services.
OODQ_0269,মাটি পরীক্ষা নিয়ে একটু help দরকার।,OOD,OOD_AGRICULTURE,Agriculture,OOD_AGRICULTURE,Agriculture,Low,Informal,FALSE,,PARAPHRASED,OOD_AGRICULTURE_F10,Medium,TRUE,Synthetic safe OOD example; outside the six supported production services.
OODQ_0270,মাটি পরীক্ষা service er information kivabe janbo?,OOD,OOD_AGRICULTURE,Agriculture,OOD_AGRICULTURE,Agriculture,Low,Mixed,FALSE,,PARAPHRASED,OOD_AGRICULTURE_F10,Hard,TRUE,Synthetic safe OOD example; outside the six supported production services.
OODQ_0274,প্রতিবন্ধী ভাতা বিষয়ে সরকারি সেবা কোথায় পাব?,OOD,OOD_SOCIAL_WELFARE,Social Welfare,OOD_SOCIAL_WELFARE,Social Welfare,Low,Formal,FALSE,,SYNTHETIC,OOD_SOCIAL_WELFARE_F02,Easy,TRUE,Synthetic safe OOD example; outside the six supported production services.
OODQ_0275,প্রতিবন্ধী ভাতা নিয়ে একটু help দরকার।,OOD,OOD_SOCIAL_WELFARE,Social Welfare,OOD_SOCIAL_WELFARE,Social Welfare,Low,Informal,FALSE,,PARAPHRASED,OOD_SOCIAL_WELFARE_F02,Medium,TRUE,Synthetic safe OOD example; outside the six supported production services.
OODQ_0276,প্রতিবন্ধী ভাতা service er information kivabe janbo?,OOD,OOD_SOCIAL_WELFARE,Social Welfare,OOD_SOCIAL_WELFARE,Social Welfare,Low,Mixed,FALSE,,PARAPHRASED,OOD_SOCIAL_WELFARE_F02,Hard,TRUE,Synthetic safe OOD example; outside the six supported production services.
OODQ_0280,খাদ্য সহায়তা বিষয়ে সরকারি সেবা কোথায় পাব?,OOD,OOD_SOCIAL_WELFARE,Social Welfare,OOD_SOCIAL_WELFARE,Social Welfare,Low,Formal,FALSE,,SYNTHETIC,OOD_SOCIAL_WELFARE_F04,Easy,TRUE,Synthetic safe OOD example; outside the six supported production services.
OODQ_0281,খাদ্য সহায়তা নিয়ে একটু help দরকার।,OOD,OOD_SOCIAL_WELFARE,Social Welfare,OOD_SOCIAL_WELFARE,Social Welfare,Low,Informal,FALSE,,PARAPHRASED,OOD_SOCIAL_WELFARE_F04,Medium,TRUE,Synthetic safe OOD example; outside the six supported production services.
OODQ_0282,খাদ্য সহায়তা service er information kivabe janbo?,OOD,OOD_SOCIAL_WELFARE,Social Welfare,OOD_SOCIAL_WELFARE,Social Welfare,Low,Mixed,FALSE,,PARAPHRASED,OOD_SOCIAL_WELFARE_F04,Hard,TRUE,Synthetic safe OOD example; outside the six supported production services.
OODQ_0286,অনুদান বিষয়ে সরকারি সেবা কোথায় পাব?,OOD,OOD_SOCIAL_WELFARE,Social Welfare,OOD_SOCIAL_WELFARE,Social Welfare,Low,Formal,FALSE,,SYNTHETIC,OOD_SOCIAL_WELFARE_F06,Easy,TRUE,Synthetic safe OOD example; outside the six supported production services.
OODQ_0287,অনুদান নিয়ে একটু help দরকার।,OOD,OOD_SOCIAL_WELFARE,Social Welfare,OOD_SOCIAL_WELFARE,Social Welfare,Low,Informal,FALSE,,PARAPHRASED,OOD_SOCIAL_WELFARE_F06,Medium,TRUE,Synthetic safe OOD example; outside the six supported production services.
OODQ_0288,অনুদান service er information kivabe janbo?,OOD,OOD_SOCIAL_WELFARE,Social Welfare,OOD_SOCIAL_WELFARE,Social Welfare,Low,Mixed,FALSE,,PARAPHRASED,OOD_SOCIAL_WELFARE_F06,Hard,TRUE,Synthetic safe OOD example; outside the six supported production services.
OODQ_0292,ভাতা status বিষয়ে সরকারি সেবা কোথায় পাব?,OOD,OOD_SOCIAL_WELFARE,Social Welfare,OOD_SOCIAL_WELFARE,Social Welfare,Low,Formal,FALSE,,SYNTHETIC,OOD_SOCIAL_WELFARE_F08,Easy,TRUE,Synthetic safe OOD example; outside the six supported production services.
OODQ_0293,ভাতা status নিয়ে একটু help দরকার।,OOD,OOD_SOCIAL_WELFARE,Social Welfare,OOD_SOCIAL_WELFARE,Social Welfare,Low,Informal,FALSE,,PARAPHRASED,OOD_SOCIAL_WELFARE_F08,Medium,TRUE,Synthetic safe OOD example; outside the six supported production services.
OODQ_0294,ভাতা status service er information kivabe janbo?,OOD,OOD_SOCIAL_WELFARE,Social Welfare,OOD_SOCIAL_WELFARE,Social Welfare,Low,Mixed,FALSE,,PARAPHRASED,OOD_SOCIAL_WELFARE_F08,Hard,TRUE,Synthetic safe OOD example; outside the six supported production services.
OODQ_0298,কল্যাণ কর্মসূচি বিষয়ে সরকারি সেবা কোথায় পাব?,OOD,OOD_SOCIAL_WELFARE,Social Welfare,OOD_SOCIAL_WELFARE,Social Welfare,Low,Formal,FALSE,,SYNTHETIC,OOD_SOCIAL_WELFARE_F10,Easy,TRUE,Synthetic safe OOD example; outside the six supported production services.
OODQ_0299,কল্যাণ কর্মসূচি নিয়ে একটু help দরকার।,OOD,OOD_SOCIAL_WELFARE,Social Welfare,OOD_SOCIAL_WELFARE,Social Welfare,Low,Informal,FALSE,,PARAPHRASED,OOD_SOCIAL_WELFARE_F10,Medium,TRUE,Synthetic safe OOD example; outside the six supported production services.
OODQ_0300,কল্যাণ কর্মসূচি service er information kivabe janbo?,OOD,OOD_SOCIAL_WELFARE,Social Welfare,OOD_SOCIAL_WELFARE,Social Welfare,Low,Mixed,FALSE,,PARAPHRASED,OOD_SOCIAL_WELFARE_F10,Hard,TRUE,Synthetic safe OOD example; outside the six supported production services.
OODQ_0304,company registration বিষয়ে সরকারি সেবা কোথায় পাব?,OOD,OOD_BUSINESS_LICENCE,Business Licence,OOD_BUSINESS_LICENCE,Business Licence,Low,Formal,FALSE,,SYNTHETIC,OOD_BUSINESS_LICENCE_F02,Easy,TRUE,Synthetic safe OOD example; outside the six supported production services.
OODQ_0305,company registration নিয়ে একটু help দরকার।,OOD,OOD_BUSINESS_LICENCE,Business Licence,OOD_BUSINESS_LICENCE,Business Licence,Low,Informal,FALSE,,PARAPHRASED,OOD_BUSINESS_LICENCE_F02,Medium,TRUE,Synthetic safe OOD example; outside the six supported production services.
OODQ_0306,company registration service er information kivabe janbo?,OOD,OOD_BUSINESS_LICENCE,Business Licence,OOD_BUSINESS_LICENCE,Business Licence,Low,Mixed,FALSE,,PARAPHRASED,OOD_BUSINESS_LICENCE_F02,Hard,TRUE,Synthetic safe OOD example; outside the six supported production services.
OODQ_0310,export licence বিষয়ে সরকারি সেবা কোথায় পাব?,OOD,OOD_BUSINESS_LICENCE,Business Licence,OOD_BUSINESS_LICENCE,Business Licence,Low,Formal,FALSE,,SYNTHETIC,OOD_BUSINESS_LICENCE_F04,Easy,TRUE,Synthetic safe OOD example; outside the six supported production services.
OODQ_0311,export licence নিয়ে একটু help দরকার।,OOD,OOD_BUSINESS_LICENCE,Business Licence,OOD_BUSINESS_LICENCE,Business Licence,Low,Informal,FALSE,,PARAPHRASED,OOD_BUSINESS_LICENCE_F04,Medium,TRUE,Synthetic safe OOD example; outside the six supported production services.
OODQ_0312,export licence service er information kivabe janbo?,OOD,OOD_BUSINESS_LICENCE,Business Licence,OOD_BUSINESS_LICENCE,Business Licence,Low,Mixed,FALSE,,PARAPHRASED,OOD_BUSINESS_LICENCE_F04,Hard,TRUE,Synthetic safe OOD example; outside the six supported production services.
OODQ_0316,shop permit বিষয়ে সরকারি সেবা কোথায় পাব?,OOD,OOD_BUSINESS_LICENCE,Business Licence,OOD_BUSINESS_LICENCE,Business Licence,Low,Formal,FALSE,,SYNTHETIC,OOD_BUSINESS_LICENCE_F06,Easy,TRUE,Synthetic safe OOD example; outside the six supported production services.
OODQ_0317,shop permit নিয়ে একটু help দরকার।,OOD,OOD_BUSINESS_LICENCE,Business Licence,OOD_BUSINESS_LICENCE,Business Licence,Low,Informal,FALSE,,PARAPHRASED,OOD_BUSINESS_LICENCE_F06,Medium,TRUE,Synthetic safe OOD example; outside the six supported production services.
OODQ_0318,shop permit service er information kivabe janbo?,OOD,OOD_BUSINESS_LICENCE,Business Licence,OOD_BUSINESS_LICENCE,Business Licence,Low,Mixed,FALSE,,PARAPHRASED,OOD_BUSINESS_LICENCE_F06,Hard,TRUE,Synthetic safe OOD example; outside the six supported production services.
OODQ_0322,VAT registration বিষয়ে সরকারি সেবা কোথায় পাব?,OOD,OOD_BUSINESS_LICENCE,Business Licence,OOD_BUSINESS_LICENCE,Business Licence,Low,Formal,FALSE,,SYNTHETIC,OOD_BUSINESS_LICENCE_F08,Easy,TRUE,Synthetic safe OOD example; outside the six supported production services.
OODQ_0323,VAT registration নিয়ে একটু help দরকার।,OOD,OOD_BUSINESS_LICENCE,Business Licence,OOD_BUSINESS_LICENCE,Business Licence,Low,Informal,FALSE,,PARAPHRASED,OOD_BUSINESS_LICENCE_F08,Medium,TRUE,Synthetic safe OOD example; outside the six supported production services.
OODQ_0324,VAT registration service er information kivabe janbo?,OOD,OOD_BUSINESS_LICENCE,Business Licence,OOD_BUSINESS_LICENCE,Business Licence,Low,Mixed,FALSE,,PARAPHRASED,OOD_BUSINESS_LICENCE_F08,Hard,TRUE,Synthetic safe OOD example; outside the six supported production services.
OODQ_0328,commercial approval বিষয়ে সরকারি সেবা কোথায় পাব?,OOD,OOD_BUSINESS_LICENCE,Business Licence,OOD_BUSINESS_LICENCE,Business Licence,Low,Formal,FALSE,,SYNTHETIC,OOD_BUSINESS_LICENCE_F10,Easy,TRUE,Synthetic safe OOD example; outside the six supported production services.
OODQ_0329,commercial approval নিয়ে একটু help দরকার।,OOD,OOD_BUSINESS_LICENCE,Business Licence,OOD_BUSINESS_LICENCE,Business Licence,Low,Informal,FALSE,,PARAPHRASED,OOD_BUSINESS_LICENCE_F10,Medium,TRUE,Synthetic safe OOD example; outside the six supported production services.
OODQ_0330,commercial approval service er information kivabe janbo?,OOD,OOD_BUSINESS_LICENCE,Business Licence,OOD_BUSINESS_LICENCE,Business Licence,Low,Mixed,FALSE,,PARAPHRASED,OOD_BUSINESS_LICENCE_F10,Hard,TRUE,Synthetic safe OOD example; outside the six supported production services.
OODQ_0334,বাড়ির নকশা বিষয়ে সরকারি সেবা কোথায় পাব?,OOD,OOD_MUNICIPAL,Municipal,OOD_MUNICIPAL,Municipal,Low,Formal,FALSE,,SYNTHETIC,OOD_MUNICIPAL_F02,Easy,TRUE,Synthetic safe OOD example; outside the six supported production services.
OODQ_0335,বাড়ির নকশা নিয়ে একটু help দরকার।,OOD,OOD_MUNICIPAL,Municipal,OOD_MUNICIPAL,Municipal,Low,Informal,FALSE,,PARAPHRASED,OOD_MUNICIPAL_F02,Medium,TRUE,Synthetic safe OOD example; outside the six supported production services.
OODQ_0336,বাড়ির নকশা service er information kivabe janbo?,OOD,OOD_MUNICIPAL,Municipal,OOD_MUNICIPAL,Municipal,Low,Mixed,FALSE,,PARAPHRASED,OOD_MUNICIPAL_F02,Hard,TRUE,Synthetic safe OOD example; outside the six supported production services.
OODQ_0340,রাস্তা মেরামত বিষয়ে সরকারি সেবা কোথায় পাব?,OOD,OOD_MUNICIPAL,Municipal,OOD_MUNICIPAL,Municipal,Low,Formal,FALSE,,SYNTHETIC,OOD_MUNICIPAL_F04,Easy,TRUE,Synthetic safe OOD example; outside the six supported production services.
OODQ_0341,রাস্তা মেরামত নিয়ে একটু help দরকার।,OOD,OOD_MUNICIPAL,Municipal,OOD_MUNICIPAL,Municipal,Low,Informal,FALSE,,PARAPHRASED,OOD_MUNICIPAL_F04,Medium,TRUE,Synthetic safe OOD example; outside the six supported production services.
OODQ_0342,রাস্তা মেরামত service er information kivabe janbo?,OOD,OOD_MUNICIPAL,Municipal,OOD_MUNICIPAL,Municipal,Low,Mixed,FALSE,,PARAPHRASED,OOD_MUNICIPAL_F04,Hard,TRUE,Synthetic safe OOD example; outside the six supported production services.
OODQ_0346,নগর অভিযোগ বিষয়ে সরকারি সেবা কোথায় পাব?,OOD,OOD_MUNICIPAL,Municipal,OOD_MUNICIPAL,Municipal,Low,Formal,FALSE,,SYNTHETIC,OOD_MUNICIPAL_F06,Easy,TRUE,Synthetic safe OOD example; outside the six supported production services.
OODQ_0347,নগর অভিযোগ নিয়ে একটু help দরকার।,OOD,OOD_MUNICIPAL,Municipal,OOD_MUNICIPAL,Municipal,Low,Informal,FALSE,,PARAPHRASED,OOD_MUNICIPAL_F06,Medium,TRUE,Synthetic safe OOD example; outside the six supported production services.
OODQ_0348,নগর অভিযোগ service er information kivabe janbo?,OOD,OOD_MUNICIPAL,Municipal,OOD_MUNICIPAL,Municipal,Low,Mixed,FALSE,,PARAPHRASED,OOD_MUNICIPAL_F06,Hard,TRUE,Synthetic safe OOD example; outside the six supported production services.
OODQ_0352,বাজার lease বিষয়ে সরকারি সেবা কোথায় পাব?,OOD,OOD_MUNICIPAL,Municipal,OOD_MUNICIPAL,Municipal,Low,Formal,FALSE,,SYNTHETIC,OOD_MUNICIPAL_F08,Easy,TRUE,Synthetic safe OOD example; outside the six supported production services.
OODQ_0353,বাজার lease নিয়ে একটু help দরকার।,OOD,OOD_MUNICIPAL,Municipal,OOD_MUNICIPAL,Municipal,Low,Informal,FALSE,,PARAPHRASED,OOD_MUNICIPAL_F08,Medium,TRUE,Synthetic safe OOD example; outside the six supported production services.
OODQ_0354,বাজার lease service er information kivabe janbo?,OOD,OOD_MUNICIPAL,Municipal,OOD_MUNICIPAL,Municipal,Low,Mixed,FALSE,,PARAPHRASED,OOD_MUNICIPAL_F08,Hard,TRUE,Synthetic safe OOD example; outside the six supported production services.
OODQ_0358,ward certificate বিষয়ে সরকারি সেবা কোথায় পাব?,OOD,OOD_MUNICIPAL,Municipal,OOD_MUNICIPAL,Municipal,Low,Formal,FALSE,,SYNTHETIC,OOD_MUNICIPAL_F10,Easy,TRUE,Synthetic safe OOD example; outside the six supported production services.
OODQ_0359,ward certificate নিয়ে একটু help দরকার।,OOD,OOD_MUNICIPAL,Municipal,OOD_MUNICIPAL,Municipal,Low,Informal,FALSE,,PARAPHRASED,OOD_MUNICIPAL_F10,Medium,TRUE,Synthetic safe OOD example; outside the six supported production services.
OODQ_0360,ward certificate service er information kivabe janbo?,OOD,OOD_MUNICIPAL,Municipal,OOD_MUNICIPAL,Municipal,Low,Mixed,FALSE,,PARAPHRASED,OOD_MUNICIPAL_F10,Hard,TRUE,Synthetic safe OOD example; outside the six supported production services.
